State-gov : 0.7946428571428571
Self-emp-not-inc : 0.6737704918032786
Private : 0.7218742751101833
Federal-gov : 0.7994505494505494
Local-gov : 0.7566182749786508
Self-emp-inc : 0.8421926910299004
Without-pay : 1.0
