State-gov : 0.7833827893175075
Self-emp-not-inc : 0.6759639048400328
Private : 0.7212886777146831
Federal-gov : 0.818181818181818
Local-gov : 0.7549103330486764
Self-emp-inc : 0.8401673640167365
Without-pay : 1.0
